5451 JF 32775 5605
5454 PUSH 32768
5456 PUSH 32769
5458 PUSH 32770
5460 SET 32768 28844
5463 SET 32769 1531
5466 ADD 32770 8064 3565
5470 CALL 1458
5472 POP 32770
5474 POP 32769
5476 POP 32768
5478 NOOP
5479 NOOP
5480 NOOP
5481 NOOP
5482 NOOP
5483 SET 32768 4
5486 SET 32769 1
5489 CALL 6027

5491 EQ 32769 32768 6
5495 JF 32769 5579

6027 JT 32768 6035
6030 ADD 32768 32769 1
6034 RET

6035 JT 32769 6048
6038 ADD 32768 32768 32767
6042 SET 32769 32775
6045 CALL 6027
6047 RET

6048 PUSH 32768
6050 ADD 32769 32769 32767
6054 CALL 6027

6056 SET 32769 32768
6059 POP 32768
6061 ADD 32768 32768 32767
6065 CALL 6027
6067 RET
